0 140.857
1 140.901
2 141.783
3 142.893
4 144.099
5 145.451
6 146.574
7 147.276
8 145.834
9 144.391
10 142.935
11 141.855
12 141.135
13 54.7665
14 56.1787
15 57.6098
16 59.0409
17 60.4543
18 61.2556
19 60.7165
20 59.3973
21 57.9475
22 56.5226
23 55.1178
24 54.1091
25 54.0204
26 57.4575
27 58.8838
28 60.0512
29 60.0733
30 58.658
31 57.2462
32 55.7971
33 54.3853
34 53.5965
35 53.4566
36 53.8897
37 54.6766
38 56.0358
39 5.81348
40 4.4401
41 3.14826
42 1.85684
43 1.54564
44 2.68253
45 4.05164
46 5.49569
47 6.73913
48 7.60707
49 7.58732
50 7.52182
51 7.11276
52 55.6428
53 54.5507
54 53.0942
55 51.6404
56 50.5875
57 49.4449
58 49.1117
59 49.2608
60 50.1372
61 51.3625
62 52.7879
63 54.2444
64 55.6511
65 54.8513
66 56.3083
67 57.5666
68 58.7184
69 58.4665
70 57.2254
71 55.8058
72 54.3861
73 52.9292
74 52.2053
75 51.8638
76 52.3016
77 53.5676
78 51.7589
79 53.1782
80 54.5993
81 56.0151
82 56.4588
83 55.3921
84 53.939
85 52.6375
86 51.1843
87 50.0262
88 49.6831
89 49.6169
90 50.3414
91 100.371
92 101.778
93 103.168
94 103.669
95 102.485
96 101.04
97 99.6208
98 98.2073
99 96.8846
100 96.7235
101 96.6983
102 97.471
103 98.9205
104 101.552
105 100.273
106 98.8627
107 97.44
108 96.325
109 96.4241
110 97.0451
111 98.0089
112 99.3097
113 100.751
114 102.18
115 103.312
116 102.622
117 92.9338
118 93.004
119 94.1686
120 95.4979
121 96.7169
122 98.1643
123 99.5099
124 99.3593
125 97.9431
126 96.533
127 95.0856
128 93.8845
129 93.0321
130 96.6822
131 95.2281
132 94.0689
133 93.5578
134 93.6382
135 94.7723
136 96.203
137 97.626
138 99.0427
139 100.078
140 100.325
141 99.5531
142 98.099
143 96.2714
144 94.8297
145 93.4063
146 92.127
147 90.7098
148 90.193
149 90.3934
150 91.0992
151 92.3958
152 93.7245
153 95.1479
154 96.5541
155 97.1043
156 139.308
157 140.111
158 141.429
159 142.532
160 144.083
161 145.432
162 146.806
163 146.672
164 145.312
165 143.297
166 141.686
167 140.032
168 139.705
169 54.8348
170 56.5087
171 58.818
172 60.6136
173 61.9005
174 62.107
175 61.306
176 59.4905
177 57.4409
178 55.2903
179 53.5494
180 52.364
181 52.9115
182 58.4688
183 60.4717
184 60.8169
185 60.3206
186 58.3847
187 56.3753
188 54.1047
189 52.2275
190 51.8231
191 51.9011
192 53.0474
193 54.5608
194 56.3151
195 6.356
196 4.76966
197 3.63492
198 2.12423
199 3.29517
200 4.45375
201 5.79528
202 7.49921
203 8.13662
204 8.33134
205 8.08338
206 8.20461
207 7.43315
208 55.988
209 54.6908
210 52.5019
211 50.443
212 48.8977
213 47.6717
214 47.8061
215 48.2549
216 49.8212
217 51.792
218 53.8247
219 55.7348
220 56.935
221 55.4876
222 58.2447
223 58.9728
224 59.2348
225 58.6279
226 57.191
227 55.3791
228 53.3867
229 50.9297
230 50.4354
231 50.537
232 52.2856
233 53.6477
234 52.6016
235 54.4484
236 56.0848
237 57.1937
238 57.0294
239 55.4764
240 53.6267
241 51.7308
242 50.0194
243 47.9531
244 48.1652
245 48.5288
246 50.3964
247 101.824
248 103.482
249 104.161
250 103.635
251 102.765
252 100.89
253 98.9226
254 96.8012
255 95.153
256 94.9489
257 95.6321
258 97.7122
259 99.9107
260 101.603
261 99.804
262 97.9046
263 95.8799
264 94.9335
265 94.9461
266 96.082
267 97.7894
268 99.8803
269 101.839
270 103.643
271 103.889
272 103.165
273 91.4952
274 92.5856
275 93.968
276 96.0031
277 97.8623
278 100.088
279 100.565
280 99.5006
281 97.9893
282 96.1766
283 93.0359
284 92.1206
285 91.0364
286 95.0842
287 93.5952
288 92.4464
289 91.6917
290 93.243
291 94.6563
292 96.8441
293 98.752
294 100.417
295 100.98
296 101.232
297 99.0526
298 97.1587
299 95.994
300 94.3111
301 92.1082
302 90.5427
303 89.1307
304 88.4873
305 89.4389
306 90.815
307 92.5577
308 94.597
309 96.4654
310 97.7963
311 97.8781
312 139.897
313 54.3808
314 140.484
315 142.17
316 143.534
317 144.616
318 144.913
319 144.616
320 143.417
321 141.181
322 139.577
323 138.154
324 137.724
325 60.4473
326 57.9903
327 61.1386
328 62.9247
329 64.0991
330 63.8741
331 61.8669
332 59.483
333 55.851
334 52.5961
335 51.0714
336 51.2772
337 52.3251
338 8.59768
339 62.5557
340 62.5632
341 60.3997
342 58.1397
343 54.3468
344 51.9805
345 49.7309
346 49.4286
347 50.8741
348 52.3086
349 54.6573
350 58.5036
351 6.08725
352 4.37243
353 4.12868
354 5.63824
355 6.88003
356 8.29655
357 9.635
358 10.2832
359 9.96427
360 9.87174
361 9.50556
362 58.0897
363 7.10924
364 54.2339
365 51.8838
366 49.284
367 46.7668
368 45.656
369 46.1525
370 48.0527
371 50.5247
372 52.6639
373 55.9302
374 57.3983
375 57.2399
376 56.927
377 54.5018
378 59.844
379 60.6622
380 60.0876
381 59.1604
382 56.8786
383 54.4723
384 51.4701
385 48.6425
386 48.5804
387 50.3944
388 51.9353
389 54.5885
390 103.275
391 56.2652
392 58.5076
393 58.7245
394 57.5199
395 55.118
396 52.2468
397 49.7859
398 47.9121
399 45.6614
400 46.1227
401 48.3671
402 51.1117
403 101.188
404 105.698
405 105.476
406 105.369
407 102.209
408 99.9188
409 97.7005
410 94.4038
411 92.91
412 92.6948
413 95.2986
414 97.8976
415 101.322
416 89.3455
417 98.9482
418 96.6842
419 93.6555
420 92.2627
421 94.001
422 95.4347
423 98.8373
424 101.078
425 103.94
426 105.476
427 105.094
428 103.279
429 91.329
430 94.1607
431 96.7305
432 99.8514
433 101.747
434 101.568
435 99.774
436 97.7984
437 94.2761
438 90.8658
439 89.8476
440 96.9395
441 90.3198
442 91.501
443 90.2119
444 91.2021
445 92.3196
446 95.0839
447 98.017
448 100.372
449 102.514
450 102.851
451 100.727
452 98.6501
453 98.1356
454 92.8482
455 93.484
456 89.6034
457 88.4298
458 86.9548
459 87.1404
460 88.9148
461 90.6106
462 92.8809
463 95.714
464 98.4536
465 99.277
466 138.221
467 95.9339
468 136.702
469 99.9043
470 99.8692
471 97.3992
472 85.5785
473 91.5071
474 100.902
475 102.725
476 102.706
477 95.8403
478 92.9346
479 88.9194
480 94.6395
481 88.1259
482 91.9644
483 95.7745
484 102.828
485 101.934
486 99.4106
487 105.716
488 106.752
489 105.952
490 103.258
491 96.5613
492 92.0882
493 94.1409
494 100.14
495 91.5172
496 95.3535
497 104.693
498 105.167
499 103.405
500 49.1434
501 46.4052
502 45.3903
503 47.4625
504 59.7505
505 56.6263
506 52.9238
507 48.1621
508 48.9383
509 52.4587
510 55.9102
511 58.4716
512 60.7321
513 61.1817
514 61.4569
515 59.6351
516 52.8152
517 56.6776
518 56.2699
519 59.3262
520 54.5764
521 45.6001
522 44.9393
523 46.9862
524 10.7596
525 10.8181
526 10.0468
527 7.09669
528 6.16595
529 56.8908
530 49.1573
531 49.5636
532 56.1012
533 62.6065
534 62.4331
535 9.0196
536 50.2927
537 49.5439
538 53.9299
539 57.6973
540 64.7524
541 60.2162
542 56.1603
543 137.45
544 141.326
545 144.353
546 143.155
547 140.214
548 138.913
549 138.032
550 61.0526
551 51.9754
552 142.797
553 142.369
554 139.102
555 63.5253
556 66.4967
557 64.8623
558 62.6862
559 50.0961
560 65.0756
561 60.2422
562 47.7711
563 49.843
564 53.0571
565 135.934
566 59.6136
567 6.97656
568 6.93109
569 9.43319
570 11.7967
571 11.9105
572 58.2992
573 8.2657
574 53.5906
575 49.9417
576 43.5948
577 48.6005
578 50.9995
579 10.7059
580 102.937
581 46.5419
582 49.7013
583 58.6815
584 61.0585
585 57.8411
586 54.0754
587 50.282
588 87.8927
589 107.823
590 107.571
591 101.723
592 98.237
593 89.5323
594 92.0327
595 95.0863
596 88.5186
597 100.012
598 97.6536
599 92.9338
600 100.188
601 92.1727
602 102.109
603 99.9065
604 98.152
605 88.0073
606 88.809
607 90.1229
608 99.3119
609 104.634
610 90.4591
611 86.9503
612 85.7346
613 87.6702
614 89.9927
615 94.8207
616 98.1979
617 95.5233
618 134.732
619 100.552
620 101.466
621 99.8129
622 93.1065
623 95.9669
624 97.8266
625 83.5993
626 92.6858
627 88.7004
628 86.2611
629 100.471
630 103.255
631 105.108
632 105.171
633 101.636
634 97.5876
635 93.4983
636 90.6943
637 88.571
638 87.237
639 89.0755
640 91.7897
641 86.4621
642 89.1853
643 93.3394
644 97.8475
645 102.09
646 104.146
647 104.134
648 102.055
649 99.0842
650 95.0416
651 107.654
652 107.946
653 105.898
654 102.289
655 98.203
656 93.8492
657 90.6438
658 89.1475
659 90.861
660 95.0653
661 103.012
662 87.1765
663 97.358
664 88.8627
665 93.0071
666 95.8651
667 99.4867
668 103.945
669 107.355
670 107.684
671 105.411
672 105.18
673 46.8308
674 43.0239
675 45.4688
676 47.5637
677 42.5788
678 51.6213
679 56.2587
680 60.541
681 61.5697
682 54.8289
683 51.0384
684 47.6546
685 45.6958
686 46.0662
687 49.5
688 53.7042
689 58.0592
690 60.7871
691 62.0655
692 63.0158
693 61.8137
694 58.9111
695 50.7453
696 56.1368
697 54.8111
698 61.0835
699 57.2519
700 10.8961
701 52.6762
702 45.5243
703 42.5343
704 44.9606
705 43.3101
706 47.4284
707 51.4368
708 8.59809
709 60.2031
710 12.2484
711 12.8412
712 12.9967
713 13.0334
714 12.5362
715 11.4244
716 9.81907
717 8.39647
718 7.53318
719 55.2593
720 59.628
721 135.45
722 45.9622
723 50.8949
724 49.7998
725 47.8599
726 58.6195
727 46.4437
728 65.3587
729 53.3402
730 63.2111
731 10.0515
732 48.3808
733 47.7594
734 62.3459
735 55.5824
736 59.9944
737 64.5712
738 50.7173
739 65.7739
740 67.486
741 58.0331
742 53.8574
743 67.2586
744 62.9048
745 137.114
746 138.964
747 140.394
748 142.267
749 142.142
750 141.421
751 140.841
752 139.22
753 137.753
754 137.982
755 49.3865
756 135.923
757 59.5561
758 84.0986
759 50.691
760 66.1763
761 101.183
762 56.7735
763 10.373
764 58.7411
765 63.1062
766 62.911
767 84.9788
768 98.6902
769 110.294
770 88.0239
771 91.7156
772 99.096
773 83.1826
774 83.2916
775 86.237
776 102.486
777 102.224
778 90.5231
779 93.1569
780 97.1538
781 85.6105
782 85.431
783 98.9832
784 103.478
785 105.043
786 107.146
787 104.636
788 99.7906
789 95.1357
790 90.8406
791 87.5721
792 86.2859
793 90.8607
794 88.2723
795 101.041
796 85.5118
797 90.381
798 95.2105
799 100.548
800 104.716
801 105.862
802 104.975
803 101.67
804 110.475
805 109.138
806 104.982
807 99.6225
808 95.8395
809 89.336
810 88.7654
811 85.6682
812 91.8768
813 96.0178
814 88.1113
815 106.453
816 84.7765
817 85.0519
818 110.401
819 93.0772
820 96.8895
821 101.754
822 107.176
823 110.138
824 107.456
825 104.188
826 107.849
827 43.7593
828 86.0762
829 44.6371
830 48.8933
831 42.6495
832 54.3019
833 59.2385
834 47.7815
835 63.7026
836 61.2757
837 53.4741
838 56.1096
839 48.1096
840 44.7773
841 43.3129
842 46.1402
843 60.6184
844 63.4703
845 63.8319
846 64.5915
847 68.2996
848 54.1872
849 52.4918
850 62.431
851 64.7123
852 60.7168
853 12.2941
854 55.2455
855 45.6662
856 62.1554
857 41.9301
858 42.4944
859 48.2682
860 9.70656
861 62.0777
862 13.2557
863 13.7608
864 13.9017
865 15.0498
866 13.319
867 12.9766
868 11.0372
869 10.1399
870 52.1971
871 59.0423
872 135.254
873 47.5829
874 50.1023
875 46.0481
876 61.6105
877 46.6304
878 68.393
879 56.0391
880 62.6864
881 11.7697
882 47.059
883 46.933
884 64.8604
885 57.5531
886 65.6973
887 53.023
888 50.3447
889 65.0616
890 70.2212
891 56.2975
892 68.3559
893 61.0663
894 135.823
895 138.062
896 139.676
897 141.395
898 139.115
899 139.824
900 137.578
901 135.517
902 135.92
903 46.5194
904 133.397
905 57.8058
906 49.9581
907 43.835
908 9.98188
909 97.8488
910 40.2229
911 15.4783
912 82.5399
913 38.4359
914 133.113
915 90.2503
916 46.9506
917 101.862
918 96.9336
919 81.4364
920 84.3132
921 53.9334
922 79.1935
923 102.426
924 97.1336
925 84.7976
926 65.4543
927 108.109
928 104.347
929 99.0663
930 108.024
931 96.2723
932 87.678
933 105.542
934 94.4546
935 88.6826
936 93.8625
937 95.2683
938 53.8685
939 87.6009
940 113.542
941 98.2787
942 50.052
943 59.1033
944 63.1115
945 67.7168
946 14.0223
947 66.273
948 43.6794
949 132.916
950 56.9344
951 63.0032
952 57.779
953 60.0215
954 67.64
955 110.624
956 100.916
957 64.9445
958 64.1166
959 134.71
960 138.635
961 136.879
962 136.934
963 16.7268
964 54.4212
965 50.1732
966 43.1245
967 45.6324
968 43.7922
969 44.61
970 59.1846
971 48.5978
972 15.4656
973 39.2074
974 45.1514
975 16.1445
976 43.1275
977 87.3562
978 44.2569
979 91.806
980 63.4001
981 66.756
982 63.5179
983 134.449
984 44.1858
985 61.698
986 133.013
987 56.0062
988 63.2463
989 71.5648
990 38.4295
991 57.5844
992 44.9633
993 78.8056
994 132.185
995 83.1343
996 108.71
997 97.5338
998 90.1143
999 104.648
1000 102.743
1001 92.4812
1002 11.7931
1003 41.6989
1004 96.7811
1005 108.06
1006 102.752
1007 44.3841
1008 107.311
1009 41.9479
1010 84.0192
1011 38.3815
1012 131.139
1013 66.2134
1014 67.9927
1015 65.6087
1016 103.082
1017 14.3997
1018 48.5134
1019 51.2176
1020 133.019
1021 111.856
1022 102.193
1023 101.354
1024 90.2069
1025 104.45
1026 100.738
1027 110.819
1028 81.4612
1029 56.6914
1030 76.4125
1031 100.262
1032 106.212
1033 99.4567
1034 46.2513
1035 92.5704
1036 83.3695
1037 104.114
1038 111.06
1039 92.323
1040 106.048
1041 107.698
1042 99.1035
1043 39.7151
1044 89.6662
1045 96.4914
1046 84.2819
1047 90.1854
1048 93.9044
1049 113.517
1050 112.803
1051 131.702
1052 82.3548
1053 108.475
1054 85.9744
1055 62.8718
1056 42.005
1057 46.4115
1058 37.951
1059 61.5665
1060 57.7831
1061 77.8515
1062 61.1164
1063 80.783
1064 87.8147
1065 131.818
1066 17.7256
1067 71.6365
1068 68.7894
1069 15.7306
1070 58.9148
1071 66.1706
1072 17.0633
1073 42.7092
1074 34.7107
1075 64.3799
1076 38.9348
1077 57.6429
1078 19.3931
1079 12.7181
1080 60.8831
1081 55.3558
1082 45.9132
1083 47.9279
1084 132.216
1085 13.666
1086 44.0255
1087 53.1951
1088 54.9565
1089 54.3768
1090 136.642
1091 68.7274
1092 39.0041
1093 134.669
1094 133.389
1095 55.5352
1096 62.5255
1097 138.924
1098 59.936
1099 93.9638
1100 33.8998
1101 65.0466
1102 74.9718
1103 41.7565
1104 41.7567
1105 50.6136
1106 16.2404
1107 68.1593
1108 66.0522
1109 19.7109
1110 78.6722
1111 40.5755
1112 47.6949
1113 83.8289
1114 108.383
1115 106.825
1116 40.2034
1117 66.3843
1118 66.5059
1119 103.395
1120 83.725
1121 41.1095
1122 129.416
1123 85.4429
1124 110.515
1125 80.8843
1126 110.531
1127 102.841
1128 15.5003
1129 84.1175
1130 69.4482
1131 91.6691
1132 98.4759
1133 105.115
1134 102.339
1135 106.291
1136 53.675
1137 82.2753
1138 45.1081
1139 84.4309
1140 87.7716
1141 107.554
1142 92.8963
1143 49.4803
1144 102.881
1145 106.937
1146 34.3169
1147 20.2114
1148 53.3691
1149 41.5883
1150 48.1866
1151 17.2378
1152 68.1517
1153 57.3708
1154 135.15
1155 135.223
1156 130.981
1157 98.9713
1158 136.136
1159 64.0771
1160 62.6965
1161 17.0077
1162 79.4859
1163 83.96
1164 103.171
1165 80.1791
1166 43.6141
1167 11.8773
1168 50.274
1169 130.574
1170 113.859
1171 72.5866
1172 66.2847
1173 16.14
1174 67.9348
1175 49.4348
1176 78.6735
1177 82.5378
1178 17.0591
1179 88.7309
1180 91.206
1181 102.718
1182 110.286
1183 92.4947
1184 67.5637
1185 106.895
1186 57.3354
1187 82.9842
1188 109.499
1189 88.0512
1190 67.3239
1191 113.341
1192 71.1414
1193 95.3391
1194 53.2281
1195 112.166
1196 39.4262
1197 20.4143
1198 60.911
1199 57.8959
1200 74.7237
1201 67.3413
1202 129.751
1203 19.2776
1204 14.057
1205 16.2186
1206 116.354
1207 34.6176
1208 67.8249
1209 58.6718
1210 55.1314
1211 51.8286
1212 83.6499
1213 88.3314
1214 72.7689
1215 37.084
1216 72.5095
1217 34.2803
1218 133.205
1219 33.14
1220 131.062
1221 61.6852
1222 53.2636
1223 17.9135
1224 41.5742
1225 45.459
1226 78.9075
1227 66.86
1228 36.1196
1229 55.4876
1230 53.9311
1231 60.2639
1232 129.148
1233 127.959
1234 39.1776
1235 82.912
1236 65.1436
1237 80.7342
1238 74.8832
1239 83.9055
1240 21.0931
1241 77.665
1242 40.2443
1243 76.6842
1244 100.382
1245 109.292
1246 38.985
1247 42.5683
1248 17.6747
1249 79.0248
1250 106.612
1251 67.2385
1252 84.7196
1253 69.0304
1254 51.0639
1255 77.4147
1256 114.008
1257 40.2742
1258 89.6054
1259 81.5363
1260 71.3477
1261 104.395
1262 126.701
1263 97.1523
1264 112.111
1265 14.8425
1266 112.699
1267 100.851
1268 94.8824
1269 134.916
1270 99.5947
1271 80.6493
1272 91.9123
1273 87.1424
1274 109.186
1275 103.885
1276 53.7762
1277 50.0216
1278 127.475
1279 76.9347
1280 69.277
1281 48.5915
1282 108.565
1283 45.0284
1284 93.0817
1285 65.7412
1286 97.71
1287 21.5108
1288 18.7694
1289 14.136
1290 70.4099
1291 34.9264
1292 104.98
1293 43.8911
1294 128.525
1295 57.2991
1296 86.8171
1297 89.4065
1298 74.7432
1299 130.406
1300 19.8932
1301 85.6273
1302 37.9552
1303 71.2304
1304 36.7009
1305 92.8661
1306 79.7312
1307 20.9703
1308 37.2581
1309 128.258
1310 71.1359
1311 81.1803
1312 29.0469
1313 72.5004
1314 67.5129
1315 94.1524
1316 106.688
1317 114.407
1318 61.9054
1319 95.0799
1320 72.9074
1321 92.0326
1322 70.8249
1323 89.5483
1324 72.4909
1325 94.2516
1326 117.881
1327 117.257
1328 73.2597
1329 96.5853
1330 116.408
1331 61.6395
1332 66.8604
1333 42.6886
1334 21.095
1335 22.4201
1336 54.8264
1337 24.2126
1338 71.8529
1339 92.7633
1340 86.606
1341 76.2801
1342 71.1013
1343 39.748
1344 18.1961
1345 117.312
1346 63.5627
1347 48.9459
1348 28.2492
1349 36.8698
1350 39.7323
1351 61.3699
1352 21.1701
1353 57.3136
1354 46.533
1355 57.061
1356 48.4459
1357 104.235
1358 33.5306
1359 71.3542
1360 75.2668
1361 39.2846
1362 133.724
1363 131.964
1364 68.7666
1365 124.266
1366 127.609
1367 75.9948
1368 20.2943
1369 103.857
1370 60.3006
1371 68.0956
1372 74.3939
1373 62.2003
1374 50.9035
1375 32.1587
1376 20.0951
1377 130.184
1378 77.2725
1379 42.009
1380 63.2414
1381 79.4975
1382 103.687
1383 27.5136
1384 76.4216
1385 67.7915
1386 91.3107
1387 96.5507
1388 77.6375
1389 87.2713
1390 45.6917
1391 36.544
1392 43.656
1393 22.825
1394 43.6284
1395 39.2514
1396 108.825
1397 71.7732
1398 76.8827
1399 53.6067
1400 128.561
1401 50.529
1402 108.242
1403 123.686
1404 73.7516
1405 20.678
1406 39.4876
1407 35.1455
1408 74.8666
1409 25.9427
1410 55.8999
1411 74.9326
1412 81.488
1413 60.4658
1414 71.1328
1415 83.5108
1416 50.181
1417 42.824
1418 74.4523
1419 110.042
1420 111.809
1421 52.6965
1422 70.6193
1423 107.185
1424 89.3575
1425 44.4462
1426 84.8784
1427 75.6198
1428 113.47
1429 73.3355
1430 93.4457
1431 69.2611
1432 53.8384
1433 109.906
1434 42.8227
1435 80.647
1436 26.6536
1437 125.392
1438 97.8997
1439 110.572
1440 26.7976
1441 99.8464
1442 106.843
1443 110.866
1444 108.729
1445 113.203
1446 108.466
1447 86.085
1448 79.2947
1449 103.51
1450 29.9434
1451 70.6423
1452 84.565
1453 58.3976
1454 109.731
1455 80.9825
1456 95.0458
1457 117.939
1458 48.2548
1459 113.986
1460 109.063
1461 115.849
1462 111.622
1463 39.3186
1464 24.9808
1465 66.919
1466 69.1253
1467 71.9499
1468 63.1259
1469 87.3426
1470 77.3355
1471 89.1792
1472 26.5954
1473 96.3447
1474 35.7876
1475 70.6526
1476 115.781
1477 128.053
1478 71.3263
1479 54.6777
1480 21.1331
1481 46.7333
1482 34.5493
1483 66.141
1484 16.1324
1485 37.6972
1486 31.368
1487 34.0716
1488 37.0669
1489 56.8959
1490 68.5606
1491 33.9249
1492 73.5001
1493 58.0109
1494 128.451
1495 52.6349
1496 52.973
1497 53.3697
1498 122.679
1499 76.23
1500 74.129
1501 72.4645
1502 67.5553
1503 121.764
1504 119.577
1505 77.0389
1506 129.812
1507 81.8728
1508 68.0109
1509 66.9979
1510 94.647
1511 106.899
1512 62.6221
1513 46.1518
1514 47.7966
1515 92.0643
1516 26.8237
1517 85.4519
1518 115.854
1519 78.1729
1520 34.0497
1521 102.258
1522 90.8234
1523 76.4431
1524 111.957
1525 84.2892
1526 88.7347
1527 91.9922
1528 35.6266
1529 89.8525
1530 58.2333
1531 89.0537
1532 20.9025
1533 91.7902
1534 70.3464
1535 79.9233
1536 35.8026
1537 116.443
1538 78.7965
1539 132.238
1540 114.037
1541 66.0475
1542 27.7847
1543 113.524
1544 64.1592
1545 60.6423
1546 112.924
1547 53.6248
1548 77.2718
1549 74.097
1550 21.7607
1551 96.3297
1552 32.718
1553 74.6545
1554 59.8476
1555 36.0046
1556 78.5535
1557 24.6108
1558 118.045
1559 69.0109
1560 122.857
1561 75.401
1562 88.9309
1563 66.1836
1564 30.5531
1565 83.5433
1566 89.2524
1567 110.106
1568 73.1682
1569 24.6702
1570 71.2932
1571 126.754
1572 83.57
1573 58.1887
1574 51.8177
1575 54.7015
1576 30.4044
1577 79.889
1578 83.7713
1579 87.3581
1580 121.941
1581 121.118
1582 27.1375
1583 70.7389
1584 23.8553
1585 83.2814
1586 123.549
1587 34.4293
1588 28.4683
1589 40.3594
1590 63.3769
1591 114.845
1592 82.784
1593 124.826
1594 32.4278
1595 63.0429
1596 102.623
1597 130.679
1598 58.1693
1599 110.256
1600 29.8368
1601 124.144
1602 58.8222
1603 23.6103
1604 79.446
1605 116.637
1606 79.8721
1607 66.4194
1608 123.56
1609 33.5162
1610 22.2224
1611 120.364
1612 41.9071
1613 97.3742
1614 114.152
1615 56.904
1616 116.813
1617 77.8061
1618 118.506
1619 38.1044
1620 39.006
1621 81.7662
1622 120.413
1623 74.2599
1624 31.5437
1625 82.4332
1626 118.138
1627 121.737
1628 42.2127
1629 25.7542
1630 77.1743
1631 110.938
1632 66.6248
1633 118.932
1634 115.285
1635 90.8595
1636 60.2659
1637 116.866
1638 62.7116
1639 83.9779
1640 123.306
1641 117.334
1642 46.5323
1643 122.587
1644 32.1024
1645 68.6921
1646 28.8829
1647 122.417
1648 118.313
1649 120.694
1650 82.3796
1651 84.7201
1652 79.2896
1653 27.9813
1654 40.8838
1655 127.487
1656 78.6835
1657 115.306
1658 62.9932
1659 62.8382
1660 29.7695
1661 35.8432
1662 30.995
1663 124.05
1664 73.5549
1665 115.365
1666 78.3411
1667 24.307
1668 30.5115
1669 57.6336
1670 46.7887
1671 124.731
1672 123.915
1673 28.1909
1674 27.9551
1675 31.739
1676 108.366
1677 6.09819
1678 6.07294
1679 5.5595
1680 4.29171
1681 2.87358
1682 1.45545
1683 0
1684 1.42436
1685 2.85494
1686 4.31039
1687 5.57175
1688 5.9831
1689 6.02788
1690 142.566
1691 143.976
1692 145.423
1693 145.744
1694 145.291
1695 144.427
1696 143.054
1697 142.129
1698 140.844
1699 139.785
1700 139.771
1701 140.652
1702 141.276
1703 1e+09
1704 1e+09
1705 1e+09
1706 1e+09
1707 1e+09
1708 1e+09
1709 1e+09
1710 1e+09
1711 1e+09
1712 1e+09
1713 1e+09
1714 1e+09
1715 1e+09
1716 1e+09
1717 1e+09
1718 1e+09
1719 1e+09
1720 1e+09
1721 1e+09
1722 1e+09
1723 1e+09
1724 1e+09
1725 1e+09
1726 1e+09
1727 1e+09
1728 1e+09
1729 1e+09
1730 1e+09
1731 1e+09
1732 1e+09
1733 1e+09
1734 1e+09
1735 1e+09
1736 1e+09
1737 1e+09
1738 1e+09
1739 1e+09
1740 1e+09
1741 1e+09
1742 1e+09
1743 1e+09
1744 1e+09
1745 1e+09
1746 1e+09
1747 1e+09
1748 1e+09
1749 1e+09
1750 1e+09
1751 1e+09
1752 1e+09
1753 1e+09
1754 1e+09
1755 1e+09
1756 1e+09
1757 1e+09
1758 1e+09
1759 1e+09
1760 1e+09
1761 1e+09
1762 1e+09
1763 1e+09
1764 1e+09
1765 1e+09
1766 1e+09
1767 1e+09
1768 1e+09
1769 1e+09
1770 1e+09
1771 1e+09
1772 1e+09
1773 1e+09
1774 1e+09
1775 1e+09
1776 1e+09
1777 1e+09
1778 1e+09
1779 1e+09
1780 1e+09
1781 1e+09
1782 1e+09
1783 1e+09
1784 1e+09
1785 1e+09
1786 1e+09
1787 1e+09
1788 1e+09
1789 1e+09
1790 1e+09
1791 1e+09
1792 1e+09
1793 1e+09
1794 1e+09
1795 1e+09
1796 1e+09
1797 1e+09
1798 1e+09
1799 1e+09
1800 1e+09
1801 1e+09
1802 1e+09
1803 1e+09
1804 1e+09
1805 1e+09
1806 1e+09
1807 1e+09
1808 1e+09
1809 1e+09
1810 1e+09
1811 1e+09
1812 1e+09
1813 1e+09
1814 1e+09
1815 1e+09
1816 1e+09
1817 1e+09
1818 1e+09
1819 1e+09
1820 1e+09
1821 1e+09
1822 1e+09
1823 1e+09
1824 1e+09
1825 1e+09
1826 1e+09
1827 1e+09
1828 1e+09
1829 1e+09
1830 1e+09
1831 1e+09
1832 1e+09
1833 1e+09
1834 1e+09
1835 1e+09
1836 1e+09
1837 1e+09
1838 1e+09
1839 1e+09
1840 1e+09
1841 1e+09
1842 1e+09
1843 1e+09
1844 1e+09
1845 1e+09
1846 1e+09
1847 1e+09
1848 1e+09
1849 1e+09
1850 1e+09
1851 1e+09
1852 1e+09
1853 1e+09
1854 1e+09
1855 1e+09
1856 1e+09
1857 1e+09
1858 1e+09
1859 1e+09
1860 1e+09
1861 1e+09
1862 1e+09
1863 1e+09
1864 1e+09
1865 1e+09
1866 1e+09
1867 1e+09
1868 1e+09
1869 1e+09
1870 1e+09
1871 1e+09
1872 1e+09
1873 1e+09
1874 1e+09
1875 1e+09
1876 1e+09
1877 1e+09
1878 1e+09
1879 1e+09
1880 1e+09
1881 1e+09
1882 1e+09
1883 1e+09
1884 1e+09
1885 1e+09
1886 1e+09
1887 1e+09
1888 1e+09
1889 1e+09
1890 1e+09
1891 1e+09
1892 1e+09
1893 1e+09
1894 1e+09
1895 1e+09
1896 1e+09
1897 1e+09
1898 1e+09
1899 1e+09
1900 1e+09
1901 1e+09
1902 1e+09
1903 1e+09
1904 1e+09
1905 1e+09
1906 1e+09
1907 1e+09
1908 1e+09
1909 1e+09
1910 1e+09
1911 1e+09
1912 1e+09
1913 1e+09
1914 1e+09
1915 1e+09
1916 1e+09
1917 1e+09
1918 1e+09
1919 1e+09
1920 1e+09
1921 1e+09
1922 1e+09
1923 1e+09
1924 1e+09
1925 1e+09
1926 1e+09
1927 1e+09
1928 1e+09
1929 1e+09
1930 1e+09
1931 1e+09
1932 1e+09
1933 1e+09
1934 1e+09
1935 1e+09
1936 1e+09
1937 1e+09
1938 1e+09
1939 1e+09
1940 1e+09
1941 1e+09
1942 1e+09
1943 1e+09
1944 1e+09
1945 1e+09
1946 1e+09
1947 1e+09
1948 1e+09
1949 1e+09
1950 1e+09
1951 1e+09
1952 1e+09
1953 1e+09
1954 1e+09
1955 1e+09
1956 1e+09
1957 1e+09
1958 1e+09
1959 1e+09
1960 1e+09
1961 1e+09
1962 1e+09
1963 1e+09
1964 1e+09
1965 1e+09
1966 1e+09
1967 1e+09
1968 1e+09
1969 1e+09
1970 1e+09
1971 1e+09
1972 1e+09
1973 1e+09
1974 1e+09
1975 1e+09
1976 1e+09
1977 1e+09
1978 1e+09
1979 1e+09
1980 1e+09
1981 1e+09
1982 1e+09
1983 1e+09
1984 1e+09
1985 1e+09
1986 1e+09
1987 1e+09
1988 1e+09
1989 1e+09
1990 1e+09
1991 1e+09
1992 1e+09
1993 1e+09
1994 1e+09
1995 1e+09
1996 1e+09
1997 1e+09
1998 1e+09
1999 1e+09
2000 1e+09
2001 1e+09
2002 1e+09
2003 1e+09
2004 1e+09
2005 1e+09
2006 1e+09
2007 1e+09
2008 1e+09
2009 1e+09
2010 1e+09
2011 1e+09
2012 1e+09
2013 1e+09
2014 1e+09
2015 1e+09
2016 1e+09
2017 1e+09
2018 1e+09
2019 1e+09
2020 1e+09
2021 1e+09
2022 1e+09
2023 1e+09
2024 1e+09
2025 1e+09
2026 1e+09
2027 1e+09
2028 1e+09
2029 1e+09
2030 1e+09
2031 1e+09
2032 1e+09
2033 1e+09
2034 1e+09
2035 1e+09
2036 1e+09
2037 1e+09
2038 1e+09
2039 1e+09
2040 1e+09
2041 1e+09
2042 1e+09
2043 1e+09
2044 1e+09
2045 1e+09
2046 1e+09
2047 1e+09
2048 1e+09
2049 1e+09
2050 1e+09
2051 1e+09
2052 1e+09
2053 1e+09
2054 1e+09
2055 1e+09
2056 1e+09
2057 1e+09
2058 1e+09
2059 1e+09
2060 1e+09
2061 1e+09
2062 1e+09
2063 1e+09
2064 1e+09
2065 1e+09
2066 1e+09
2067 1e+09
2068 1e+09
2069 1e+09
2070 1e+09
2071 1e+09
2072 1e+09
2073 1e+09
2074 1e+09
2075 1e+09
2076 1e+09
2077 1e+09
2078 1e+09
2079 1e+09
2080 1e+09
2081 1e+09
2082 1e+09
2083 1e+09
2084 1e+09
2085 1e+09
2086 1e+09
2087 1e+09
2088 1e+09
2089 1e+09
2090 1e+09
2091 1e+09
2092 1e+09
2093 1e+09
2094 1e+09
2095 1e+09
2096 1e+09
2097 1e+09
2098 1e+09
2099 1e+09
2100 1e+09
2101 1e+09
2102 1e+09
2103 1e+09
2104 1e+09
2105 1e+09
2106 1e+09
2107 1e+09
2108 1e+09
2109 1e+09
2110 1e+09
2111 1e+09
2112 1e+09
2113 1e+09
2114 1e+09
2115 1e+09
2116 1e+09
2117 1e+09
2118 1e+09
2119 1e+09
2120 1e+09
2121 1e+09
2122 1e+09
2123 1e+09
2124 1e+09
2125 1e+09
2126 1e+09
2127 1e+09
2128 1e+09
2129 1e+09
2130 1e+09
2131 1e+09
2132 1e+09
2133 1e+09
2134 1e+09
2135 1e+09
2136 1e+09
2137 1e+09
2138 1e+09
2139 1e+09
2140 1e+09
2141 1e+09
2142 1e+09
2143 1e+09
2144 1e+09
2145 1e+09
2146 1e+09
2147 1e+09
2148 1e+09
2149 1e+09
2150 1e+09
2151 1e+09
2152 1e+09
2153 1e+09
2154 1e+09
2155 1e+09
2156 1e+09
2157 1e+09
2158 1e+09
2159 1e+09
2160 1e+09
2161 1e+09
2162 1e+09
2163 1e+09
2164 1e+09
2165 1e+09
2166 1e+09
2167 1e+09
2168 1e+09
2169 1e+09
2170 1e+09
2171 1e+09
2172 1e+09
2173 1e+09
2174 1e+09
2175 1e+09
2176 1e+09
2177 1e+09
2178 1e+09
2179 1e+09
2180 1e+09
2181 1e+09
2182 1e+09
2183 1e+09
2184 1e+09
2185 1e+09
2186 1e+09
2187 1e+09
2188 1e+09
2189 1e+09
2190 1e+09
2191 1e+09
2192 1e+09
2193 1e+09
2194 1e+09
2195 1e+09
2196 1e+09
2197 1e+09
2198 1e+09
2199 1e+09
2200 1e+09
2201 1e+09
2202 1e+09
2203 1e+09
2204 1e+09
2205 1e+09
2206 1e+09
2207 1e+09
2208 1e+09
2209 1e+09
2210 1e+09
2211 1e+09
2212 1e+09
2213 1e+09
2214 1e+09
2215 1e+09
2216 1e+09
2217 1e+09
2218 1e+09
2219 1e+09
2220 1e+09
2221 1e+09
2222 1e+09
2223 1e+09
2224 1e+09
2225 1e+09
2226 1e+09
2227 1e+09
2228 1e+09
2229 1e+09
2230 1e+09
2231 1e+09
2232 1e+09
2233 1e+09
2234 1e+09
2235 1e+09
2236 1e+09
2237 1e+09
2238 1e+09
2239 1e+09
2240 1e+09
2241 1e+09
2242 1e+09
2243 1e+09
2244 1e+09
2245 1e+09
2246 1e+09
2247 1e+09
2248 1e+09
2249 1e+09
2250 1e+09
2251 1e+09
2252 1e+09
2253 1e+09
2254 1e+09
2255 1e+09
2256 1e+09
2257 1e+09
2258 1e+09
2259 1e+09
2260 1e+09
2261 1e+09
2262 1e+09
2263 1e+09
2264 1e+09
2265 1e+09
2266 1e+09
2267 1e+09
2268 1e+09
2269 1e+09
2270 1e+09
2271 1e+09
2272 1e+09
2273 1e+09
2274 1e+09
2275 1e+09
2276 1e+09
2277 1e+09
2278 1e+09
2279 1e+09
2280 1e+09
2281 1e+09
2282 1e+09
2283 1e+09
2284 1e+09
2285 1e+09
2286 1e+09
2287 1e+09
2288 1e+09
2289 1e+09
2290 1e+09
2291 1e+09
2292 1e+09
2293 1e+09
2294 1e+09
2295 1e+09
2296 1e+09
2297 1e+09
2298 1e+09
2299 1e+09
2300 1e+09
2301 1e+09
2302 1e+09
2303 1e+09
2304 1e+09
2305 1e+09
2306 1e+09
2307 1e+09
2308 1e+09
2309 1e+09
2310 1e+09
2311 1e+09
2312 1e+09
2313 1e+09
2314 1e+09
2315 1e+09
2316 1e+09
2317 1e+09
2318 1e+09
2319 1e+09
2320 1e+09
2321 1e+09
2322 1e+09
2323 1e+09
2324 1e+09
2325 1e+09
2326 1e+09
2327 1e+09
2328 1e+09
2329 1e+09
2330 1e+09
2331 1e+09
2332 1e+09
2333 1e+09
2334 1e+09
2335 1e+09
2336 1e+09
2337 1e+09
2338 1e+09
2339 1e+09
2340 1e+09
2341 1e+09
2342 1e+09
2343 1e+09
2344 1e+09
2345 1e+09
2346 1e+09
2347 1e+09
2348 1e+09
2349 1e+09
2350 1e+09
2351 1e+09
2352 1e+09
2353 1e+09
2354 1e+09
2355 1e+09
2356 1e+09
2357 1e+09
2358 1e+09
2359 1e+09
2360 1e+09
2361 1e+09
2362 1e+09
2363 1e+09
2364 1e+09
2365 1e+09
2366 1e+09
2367 1e+09
2368 1e+09
2369 1e+09
2370 1e+09
2371 1e+09
2372 1e+09
2373 1e+09
2374 1e+09
2375 1e+09
2376 1e+09
2377 1e+09
2378 1e+09
2379 1e+09
2380 1e+09
2381 1e+09
2382 1e+09
2383 1e+09
2384 1e+09
2385 1e+09
2386 1e+09
2387 1e+09
2388 1e+09
2389 1e+09
2390 1e+09
2391 1e+09
2392 1e+09
2393 1e+09
2394 1e+09
2395 1e+09
2396 1e+09
2397 1e+09
2398 1e+09
2399 1e+09
2400 1e+09
2401 1e+09
2402 1e+09
2403 1e+09
2404 1e+09
2405 1e+09
2406 1e+09
2407 1e+09
2408 1e+09
2409 1e+09
2410 1e+09
2411 1e+09
2412 1e+09
2413 1e+09
2414 1e+09
2415 1e+09
2416 1e+09
2417 1e+09
2418 1e+09
2419 1e+09
2420 1e+09
2421 1e+09
2422 1e+09
2423 1e+09
2424 1e+09
2425 1e+09
2426 1e+09
2427 1e+09
2428 1e+09
2429 1e+09
2430 1e+09
2431 1e+09
2432 1e+09
2433 1e+09
2434 1e+09
2435 1e+09
2436 1e+09
2437 1e+09
2438 1e+09
2439 1e+09
2440 1e+09
2441 1e+09
2442 1e+09
2443 1e+09
2444 1e+09
2445 1e+09
2446 1e+09
2447 1e+09
2448 1e+09
2449 1e+09
2450 1e+09
2451 1e+09
2452 1e+09
2453 1e+09
2454 1e+09
2455 1e+09
2456 1e+09
2457 1e+09
2458 1e+09
2459 1e+09
2460 1e+09
2461 1e+09
2462 1e+09
2463 1e+09
2464 1e+09
2465 1e+09
2466 1e+09
2467 1e+09
2468 1e+09
2469 1e+09
2470 1e+09
2471 1e+09
2472 1e+09
2473 1e+09
2474 1e+09
2475 1e+09
2476 1e+09
2477 1e+09
2478 1e+09
2479 1e+09
2480 1e+09
2481 1e+09
2482 1e+09
2483 1e+09
2484 1e+09
2485 1e+09
2486 1e+09
2487 1e+09
2488 1e+09
2489 1e+09
2490 1e+09
2491 1e+09
2492 1e+09
2493 1e+09
2494 1e+09
2495 1e+09
2496 1e+09
2497 1e+09
2498 1e+09
2499 1e+09
2500 1e+09
2501 1e+09
2502 1e+09
2503 1e+09
2504 1e+09
2505 1e+09
2506 1e+09
2507 1e+09
2508 1e+09
2509 1e+09
2510 1e+09
2511 1e+09
2512 1e+09
2513 1e+09
2514 1e+09
2515 1e+09
2516 1e+09
2517 1e+09
2518 1e+09
2519 1e+09
2520 1e+09
2521 1e+09
2522 1e+09
2523 1e+09
2524 1e+09
2525 1e+09
2526 1e+09
2527 1e+09
2528 1e+09
2529 1e+09
2530 1e+09
2531 1e+09
2532 1e+09
2533 1e+09
2534 1e+09
2535 1e+09
2536 1e+09
2537 1e+09
2538 1e+09
2539 1e+09
2540 1e+09
2541 1e+09
2542 1e+09
2543 1e+09
2544 1e+09
2545 1e+09
2546 1e+09
2547 1e+09
2548 1e+09
2549 1e+09
2550 1e+09
2551 1e+09
2552 1e+09
2553 1e+09
2554 1e+09
2555 1e+09
2556 1e+09
2557 1e+09
2558 1e+09
2559 1e+09
2560 1e+09
2561 1e+09
2562 1e+09
2563 1e+09
2564 1e+09
2565 1e+09
2566 1e+09
2567 1e+09
2568 1e+09
2569 1e+09
2570 1e+09
2571 1e+09
2572 1e+09
2573 1e+09
2574 1e+09
2575 1e+09
2576 1e+09
2577 1e+09
2578 1e+09
2579 1e+09
2580 1e+09
2581 1e+09
2582 1e+09
2583 1e+09
2584 1e+09
2585 1e+09
2586 1e+09
2587 1e+09
2588 1e+09
2589 1e+09
2590 1e+09
2591 1e+09
2592 1e+09
2593 1e+09
2594 1e+09
2595 1e+09
2596 1e+09
2597 1e+09
2598 1e+09
2599 1e+09
2600 1e+09
2601 1e+09
2602 1e+09
2603 1e+09
2604 1e+09
2605 1e+09
2606 1e+09
2607 1e+09
2608 1e+09
2609 1e+09
2610 1e+09
2611 1e+09
2612 59.3771
2613 58.2135
2614 56.7959
2615 55.3784
2616 53.9777
2617 53.6547
2618 54.0393
2619 54.9328
2620 56.3538
2621 57.503
2622 58.8352
2623 59.6554
2624 59.9745
2625 54.6257
2626 55.5648
2627 57.0241
2628 58.3594
2629 58.7331
2630 58.5427
2631 57.8847
2632 56.611
2633 55.2145
2634 53.7801
2635 52.9941
2636 52.7418
2637 53.3645
2638 54.5179
2639 55.938
2640 56.9057
2641 57.2155
2642 57.1478
2643 56.4778
2644 55.4148
2645 53.9878
2646 52.5297
2647 51.4997
2648 51.1165
2649 51.8284
2650 53.099
2651 49.2727
2652 48.7894
2653 48.72
2654 48.9485
2655 50.0328
2656 51.4548
2657 52.7364
2658 53.8988
2659 54.6371
2660 54.2355
2661 53.1334
2662 51.6928
2663 50.4092
2664 49.333
2665 49.3212
2666 50.6679
2667 52.1019
2668 53.5332
2669 54.7824
2670 55.2775
2671 54.9985
2672 54.0513
2673 52.7024
2674 51.3474
2675 50.0328
2676 49.2394
2677 96.322
2678 96.4029
2679 97.8123
2680 99.157
2681 100.596
2682 101.383
2683 102.158
2684 102.174
2685 101.491
2686 100.301
2687 98.8796
2688 97.4629
2689 96.3662
2690 97.2729
2691 96.095
2692 95.7494
2693 96.0988
2694 97.4768
2695 98.9373
2696 100.232
2697 101.076
2698 101.789
2699 101.823
2700 101.103
2701 99.6674
2702 98.2069
2703 96.1859
2704 97.5134
2705 98.698
2706 99.0675
2707 98.8477
2708 98.0537
2709 97.0235
2710 95.7406
2711 94.4319
2712 93.0882
2713 92.9605
2714 93.5747
2715 94.7279
2716 93.5546
2717 92.7054
2718 92.3225
2719 92.6966
2720 93.3189
2721 94.7598
2722 96.1515
2723 97.3619
2724 98.2971
2725 98.282
2726 97.763
2727 96.4536
2728 95.0003
2729 89.6278
2730 90.085
2731 91.1797
2732 92.4684
2733 93.8782
2734 95.0425
2735 95.7516
2736 95.6966
2737 94.68
2738 93.4521
2739 92.0159
2740 90.7777
2741 89.8455
2742 59.8123
2743 57.7906
2744 55.9207
2745 53.7826
2746 52.2073
2747 52.3152
2748 53.1688
2749 54.8016
2750 57.0064
2751 59.1468
2752 60.6152
2753 61.6656
2754 61.4487
2755 7.73698
2756 7.37241
2757 5.91745
2758 4.69506
2759 3.15842
2760 1.92471
2761 1.77044
2762 3.0608
2763 4.74206
2764 6.03724
2765 7.48329
2766 7.57179
2767 7.88705
2768 54.1768
2769 56.3205
2770 58.6944
2771 59.9791
2772 60.2803
2773 59.3004
2774 57.5382
2775 55.4511
2776 53.7878
2777 51.9927
2778 51.4836
2779 51.8252
2780 52.8679
2781 55.662
2782 57.6199
2783 58.519
2784 58.852
2785 58.1141
2786 57.068
2787 54.8841
2788 52.5626
2789 50.8333
2790 49.6418
2791 50.1895
2792 51.4403
2793 53.3435
2794 47.4614
2795 47.3864
2796 47.4882
2797 48.1056
2798 50.2899
2799 52.6333
2800 54.4275
2801 55.7241
2802 55.943
2803 54.6317
2804 52.6077
2805 50.6424
2806 48.3267
2807 47.5692
2808 48.5435
2809 50.6494
2810 52.6716
2811 54.8828
2812 56.6502
2813 56.8337
2814 55.6488
2815 54.1493
2816 52.0532
2817 50.0622
2818 48.4729
2819 47.5443
2820 94.6045
2821 95.8534
2822 97.9375
2823 99.9493
2824 102.141
2825 103.088
2826 103.689
2827 103.386
2828 101.561
2829 99.8637
2830 97.6822
2831 96.0084
2832 94.3395
2833 95.5945
2834 94.4589
2835 94.2212
2836 96.205
2837 98.4885
2838 100.427
2839 101.964
2840 102.881
2841 103.637
2842 102.52
2843 100.666
2844 98.6864
2845 96.5203
2846 97.3081
2847 99.1794
2848 100.176
2849 100.267
2850 99.9309
2851 98.6275
2852 96.5361
2853 94.4012
2854 92.5841
2855 91.2425
2856 91.5181
2857 92.875
2858 95.1217
2859 91.8087
2860 91.0332
2861 91.3735
2862 91.4954
2863 93.1872
2864 95.1065
2865 97.194
2866 99.0573
2867 100.03
2868 99.5352
2869 97.943
2870 95.9165
2871 93.8261
2872 143.302
2873 144.926
2874 146.702
2875 145.829
2876 144.22
2877 142.86
2878 141.373
2879 140.625
2880 138.99
2881 137.784
2882 139.187
2883 139.925
2884 141.146
2885 88.199
2886 89.488
2887 91.42
2888 93.3259
2889 95.4259
2890 96.8224
2891 97.3179
2892 96.5824
2893 94.5816
2894 92.4369
2895 90.5801
2896 89.1205
2897 87.6964
2898 56.7444
2899 9.8875
2900 54.4507
2901 51.0657
2902 49.6921
2903 50.3656
2904 52.4722
2905 55.5944
2906 58.5489
2907 61.2464
2908 63.075
2909 63.7323
2910 61.6328
2911 54.5991
2912 7.97076
2913 7.09066
2914 5.34865
2915 4.22648
2916 3.83842
2917 4.0884
2918 5.24637
2919 7.18488
2920 8.22284
2921 9.28663
2922 9.88199
2923 9.82735
2924 57.624
2925 59.2773
2926 61.8827
2927 61.3582
2928 59.4699
2929 56.0296
2930 53.5355
2931 51.7494
2932 49.4499
2933 49.4015
2934 50.5087
2935 52.5583
2936 45.2326
2937 59.8099
2938 60.5658
2939 60.3943
2940 59.6486
2941 56.2447
2942 54.2764
2943 50.1152
2944 48.1301
2945 48.0001
2946 49.0028
2947 51.3682
2948 54.1704
2949 45.6492
2950 45.173
2951 48.6211
2952 51.8981
2953 54.5859
2954 56.4788
2955 57.8859
2956 57.215
2957 54.1302
2958 52.1494
2959 45.5331
2960 92.2749
2961 49.1266
2962 51.191
2963 54.4348
2964 57.0746
2965 58.6636
2966 57.6818
2967 56.0492
2968 53.9275
2969 50.1929
2970 48.0984
2971 46.7397
2972 96.3251
2973 98.5542
2974 101.049
2975 105.05
2976 105.362
2977 106.038
2978 102.811
2979 101.197
2980 98.8903
2981 95.3711
2982 93.737
2983 93.1525
2984 92.1021
2985 94.4096
2986 96.6992
2987 100.878
2988 102.694
2989 104.775
2990 105.321
2991 104.861
2992 102.96
2993 100.618
2994 96.2484
2995 98.2035
2996 93.2397
2997 89.3281
2998 100.984
2999 101.717
3000 100.345
3001 98.025
3002 94.5608
3003 92.3563
3004 90.2779
3005 88.9004
3006 90.6056
3007 92.4513
3008 96.0088
3009 141.267
3010 89.236
3011 89.4214
3012 91.1291
3013 93.0232
3014 97.2443
3015 99.2529
3016 101.034
3017 101.671
3018 99.9957
3019 97.9849
3020 94.099
3021 91.4743
3022 144.024
3023 144.45
3024 143.485
3025 142.226
3026 141.118
3027 139.293
3028 138.051
3029 136.597
3030 136.816
3031 137.561
3032 138.507
3033 86.7304
3034 142.503
3035 59.2
3036 89.853
3037 92.2016
3038 94.4866
3039 98.12
3040 99.3904
3041 99.0383
3042 96.0985
3043 93.2628
3044 90.2188
3045 88.4773
3046 86.6878
3047 85.715
3048 84.8633
3049 98.4885
3050 97.0509
3051 93.1888
3052 87.159
3053 142.403
3054 134.9
3055 137.904
3056 138.984
3057 142.656
3058 96.5859
3059 99.7762
3060 102.043
3061 102.615
3062 94.6825
3063 88.926
3064 93.8331
3065 88.6127
3066 89.7601
3067 95.2932
3068 99.6162
3069 102.626
3070 102.456
3071 100.057
3072 93.8585
3073 98.1844
3074 106.178
3075 98.8551
3076 91.7248
3077 93.8844
3078 91.4567
3079 97.2556
3080 105.201
3081 103.726
3082 46.2679
3083 48.1502
3084 51.9493
3085 55.7222
3086 57.9828
3087 59.3476
3088 59.0728
3089 56.3232
3090 52.9327
3091 46.3879
3092 47.2389
3093 56.5426
3094 58.1537
3095 56.6277
3096 53.6172
3097 50.4375
3098 46.5166
3099 45.197
3100 52.5713
3101 49.5811
3102 46.7652
3103 51.5357
3104 58.5123
3105 61.1677
3106 50.465
3107 49.5759
3108 58.3145
3109 61.4825
3110 62.7186
3111 61.2069
3112 57.3166
3113 56.0873
3114 10.7451
3115 10.2151
3116 7.18881
3117 4.57563
3118 4.50563
3119 7.69545
3120 10.0037
3121 63.9998
3122 64.6091
3123 51.8242
3124 55.4771
3125 49.7335
3126 102.3
3127 45.1297
3128 103.863
3129 52.8638
3130 42.0158
3131 52.5817
3132 12.0822
3133 48.4876
3134 47.8606
3135 48.9966
3136 52.3801
3137 58.4811
3138 61.457
3139 64.3344
3140 9.40927
3141 6.43226
3142 6.61443
3143 9.57246
3144 58.4456
3145 42.4425
3146 62.4687
3147 55.2067
3148 50.2645
3149 46.9584
3150 48.0211
3151 42.1122
3152 60.2252
3153 62.27
3154 62.2676
3155 55.9869
3156 47.0622
3157 46.6534
3158 91.2017
3159 45.2737
3160 46.5869
3161 59.2502
3162 93.0848
3163 50.797
3164 105.026
3165 97.2927
3166 99.7489
3167 107.964
3168 108.26
3169 104.471
3170 99.4675
3171 97.735
3172 94.5993
3173 103.619
3174 108.203
3175 105.821
3176 102.349
3177 88.5174
3178 139.462
3179 102.202
3180 92.5201
3181 88.1495
3182 89.9955
3183 93.458
3184 134.537
3185 87.3676
3186 86.85
3187 90.5626
3188 99.9923
3189 102.146
3190 90.3189
3191 84.1191
3192 91.3028
3193 141.226
3194 140.546
3195 139.351
3196 135.586
3197 134.802
3198 61.5433
3199 90.5696
3200 100.718
3201 101.583
3202 94.6035
3203 91.4198
3204 87.0663
3205 85.7345
3206 138.365
3207 42.5235
3208 90.9132
3209 83.6531
3210 88.2341
3211 97.1753
3212 102.865
3213 101.585
3214 100.247
3215 87.963
3216 95.4733
3217 64.5225
3218 83.9604
3219 140.306
3220 133.103
3221 138.226
3222 137.733
3223 133.514
3224 94.2841
3225 135.534
3226 136.658
3227 82.8607
3228 88.8691
3229 141.014
3230 97.2334
3231 98.8114
3232 102.265
3233 104.066
3234 104.074
3235 85.7487
3236 92.0183
3237 135.85
3238 86.9957
3239 90.6961
3240 87.486
3241 87.1906
3242 90.9245
3243 85.7107
3244 105.927
3245 89.2633
3246 102.443
3247 96.6503
3248 99.9333
3249 100.26
3250 95.284
3251 104.849
3252 107.836
3253 105.05
3254 96.6508
3255 101.58
3256 102.349
3257 92.2508
3258 94.7999
3259 88.8458
3260 108.434
3261 93.9109
3262 102.697
3263 47.9674
3264 107.186
3265 90.5099
3266 45.5248
3267 49.2662
3268 54.1821
3269 57.7494
3270 60.1973
3271 61.1282
3272 59.0908
3273 55.4869
3274 42.7841
3275 90.8417
3276 59.3564
3277 44.687
3278 58.7682
3279 55.8634
3280 51.8606
3281 48.859
3282 12.9242
3283 50.0988
3284 46.9693
3285 47.9986
3286 43.8944
3287 58.3449
3288 53.5071
3289 61.5636
3290 62.9065
3291 62.7698
3292 58.4855
3293 42.7699
3294 46.138
3295 48.2084
3296 46.4735
3297 51.9853
3298 57.7518
3299 60.5592
3300 60.5843
3301 63.934
3302 63.934
3303 66.1403
3304 43.7572
3305 54.9794
3306 54.4322
3307 13.2155
3308 11.1817
3309 12.4378
3310 8.65983
3311 9.86426
3312 6.36197
3313 6.98685
3314 6.98861
3315 10.292
3316 8.12492
3317 12.8798
3318 10.6145
3319 66.2834
3320 66.4537
3321 55.8356
3322 46.0104
3323 46.0654
3324 53.2286
3325 56.013
3326 50.4847
3327 43.8656
3328 108.421
3329 46.0616
3330 60.5349
3331 44.4757
3332 96.0078
3333 108.674
3334 140.086
3335 87.9673
3336 48.5846
3337 83.5091
3338 84.2322
3339 87.6944
3340 63.6408
3341 55.7956
3342 38.0722
3343 48.5003
3344 60.391
3345 65.472
3346 61.6431
3347 39.3849
3348 48.4934
3349 50.0169
3350 112.049
3351 48.5496
3352 135.615
3353 108.064
3354 49.5096
3355 95.9513
3356 44.3981
3357 106.539
3358 87.6409
3359 105.096
3360 101.419
3361 38.0766
3362 103.545
3363 138.048
3364 92.7008
3365 95.0407
3366 93.6137
3367 81.7564
3368 91.3994
3369 99.752
3370 103.655
3371 104.281
3372 98.4212
3373 84.3072
3374 96.0159
3375 89.3863
3376 67.4844
3377 79.9932
3378 130.983
3379 135.994
3380 100.233
3381 81.0648
3382 89.0735
3383 131.098
3384 93.9025
3385 101.468
3386 105.076
3387 105.412
3388 85.0296
3389 88.3492
3390 134.337
3391 84.4331
3392 86.9301
3393 85.4532
3394 86.326
3395 87.3378
3396 84.9216
3397 109.46
3398 89.6672
3399 102.226
3400 105.56
3401 98.8487
3402 97.0926
3403 91.5067
3404 102.094
3405 64.9797
3406 108.45
3407 139.334
3408 60.7825
3409 97.7916
3410 86.6777
3411 103.526
3412 98.9236
3413 93.3658
3414 96.3472
3415 87.1789
3416 106.11
3417 111.3
3418 83.8177
3419 107.408
3420 87.8051
3421 46.2896
3422 112.06
3423 51.7667
3424 57.2148
3425 60.4706
3426 62.3452
3427 62.2456
3428 58.9157
3429 54.0318
3430 46.4068
3431 37.9907
3432 91.5159
3433 62.1894
3434 43.4177
3435 58.7844
3436 53.9376
3437 50.9267
3438 106.389
3439 50.7806
3440 13.887
3441 47.2443
3442 43.6427
3443 50.7105
3444 43.6952
3445 60.9785
3446 56.1559
3447 62.18
3448 65.8056
3449 56.4276
3450 42.176
3451 43.0105
3452 45.0054
3453 46.8868
3454 55.431
3455 60.6918
3456 58.642
3457 58.2606
3458 63.5539
3459 65.5984
3460 52.2735
3461 51.9728
3462 100.356
3463 12.4425
3464 13.3115
3465 10.1938
3466 10.5783
3467 7.82831
3468 9.26926
3469 7.22113
3470 10.7103
3471 15.6299
3472 12.8435
3473 67.7753
3474 50.9411
3475 44.7914
3476 45.3128
3477 41.5859
3478 59.3781
3479 13.0529
3480 40.6526
3481 68.682
3482 17.2848
3483 54.7486
3484 64.9722
3485 48.7132
3486 64.7142
3487 64.7369
3488 43.9742
3489 44.5706
3490 89.5557
3491 93.4965
3492 85.3447
3493 134.368
3494 137.105
3495 137.326
3496 111.535
3497 52.6689
3498 44.1288
3499 99.262
3500 91.637
3501 80.3444
3502 135.586
3503 130.496
3504 97.944
3505 132.633
3506 105.7
3507 70.2142
3508 96.9117
3509 62.6289
3510 93.0615
3511 98.9546
3512 83.1346
3513 103.063
3514 105.098
3515 82.0633
3516 42.3763
3517 65.7562
3518 112.127
3519 48.6596
3520 113.027
3521 86.1843
3522 84.5625
3523 36.009
3524 109.939
3525 136.749
3526 64.9324
3527 49.2344
3528 34.6889
3529 85.1235
3530 63.8132
3531 64.6752
3532 10.5814
3533 10.6643
3534 57.4048
3535 51.5104
3536 14.0308
3537 45.4385
3538 53.5617
3539 103.112
3540 33.5355
3541 103.105
3542 46.2065
3543 48.1788
3544 69.9022
3545 11.6504
3546 59.0601
3547 16.3119
3548 111.55
3549 51.6213
3550 87.516
3551 111.641
3552 42.0829
3553 60.8429
3554 131.288
3555 52.0144
3556 41.23
3557 116.865
3558 63.9171
3559 43.1171
3560 84.9863
3561 49.8327
3562 87.262
3563 99.2287
3564 95.0561
3565 84.7787
3566 111.485
3567 40.0717
3568 65.4258
3569 109.865
3570 16.2614
3571 63.3078
3572 133.098
3573 131.853
3574 99.1005
3575 133.687
3576 90.4026
3577 105.505
3578 79.7787
3579 107.537
3580 106.716
3581 42.935
3582 93.592
3583 13.7264
3584 85.8503
3585 104.998
3586 106.08
3587 96.1063
3588 67.8199
3589 87.2199
3590 55.0899
3591 65.1847
3592 63.6385
3593 68.4666
3594 38.7545
3595 58.042
3596 59.6117
3597 110.088
3598 66.799
3599 66.5605
3600 40.2683
3601 84.1546
3602 33.3109
3603 135.535
3604 57.4284
3605 128.798
3606 102.775
3607 94.5054
3608 104.369
3609 45.122
3610 95.1825
3611 129.641
3612 108.336
3613 129.587
3614 133.534
3615 103.289
3616 46.9426
3617 99.6808
3618 135.516
3619 56.446
3620 131.956
3621 103.011
3622 90.4912
3623 130.689
3624 90.2227
3625 110.972
3626 82.0357
3627 81.8109
3628 90.603
3629 69.3882
3630 48.6773
3631 79.2425
3632 116.712
3633 101.407
3634 107.957
3635 92.5669
3636 64.8941
3637 64.1363
3638 62.2514
3639 100.884
3640 64.4615
3641 87.8878
3642 39.7976
3643 91.6408
3644 19.46
3645 87.2702
3646 117.37
3647 84.5349
3648 91.4946
3649 86.4948
3650 69.3485
3651 39.2216
3652 93.2414
3653 56.2263
3654 85.034
3655 69.6613
3656 40.6686
3657 58.1691
3658 11.8362
3659 43.2509
3660 51.0323
3661 47.6444
3662 58.2621
3663 55.5308
3664 39.0878
3665 13.1972
3666 54.8016
3667 13.9623
3668 52.9687
3669 71.2772
3670 81.6974
3671 67.6088
3672 75.0014
3673 98.247
3674 32.101
3675 108.349
3676 38.884
3677 48.5798
3678 74.8278
3679 64.3588
3680 14.5417
3681 44.8006
3682 16.6704
3683 55.9598
3684 107.027
3685 9.42388
3686 107.998
3687 52.1511
3688 61.3051
3689 131.51
3690 66.0979
3691 36.2809
3692 82.7311
3693 52.9326
3694 38.3415
3695 47.0327
3696 62.1063
3697 109.098
3698 56.3756
3699 86.2171
3700 45.2923
3701 129.886
3702 34.7562
3703 40.0802
3704 104.18
3705 83.5769
3706 103.91
3707 14.909
3708 56.3843
3709 126.373
3710 66.9291
3711 95.5437
3712 98.1096
3713 113.249
3714 41.2041
3715 80.3793
3716 87.1606
3717 41.878
3718 68.476
3719 100.703
3720 130.591
3721 52.4476
3722 127.775
3723 71.9288
3724 85.8553
3725 133.202
3726 61.1189
3727 38.7381
3728 13.3417
3729 108.781
3730 112.269
3731 34.7359
3732 15.7862
3733 79.8179
3734 131.266
3735 66.7775
3736 68.6407
3737 62.2781
3738 69.6202
3739 86.5842
3740 81.2443
3741 52.9275
3742 41.6705
3743 59.1252
3744 17.7936
3745 17.8832
3746 75.3615
3747 20.5952
3748 115.197
3749 59.9382
3750 59.0108
3751 67.5282
3752 22.125
3753 61.3272
3754 36.1376
3755 104.476
3756 40.1399
3757 127.51
3758 94.8552
3759 132.658
3760 127.5
3761 87.5519
3762 19.65
3763 107.81
3764 61.3484
3765 61.5004
3766 107.27
3767 79.3598
3768 82.6595
3769 66.058
3770 98.3122
3771 39.0303
3772 77.2453
3773 23.4625
3774 83.46
3775 80.8206
3776 45.3846
3777 117.322
3778 81.5374
3779 106.746
3780 71.649
3781 69.7324
3782 104.713
3783 17.4593
3784 19.473
3785 46.7035
3786 20.9957
3787 27.6204
3788 43.3531
3789 86.9769
3790 28.4698
3791 57.6919
3792 80.7017
3793 100.113
3794 18.4556
3795 79.7098
3796 74.01
3797 14.6317
3798 77.3119
3799 78.9746
3800 87.6462
3801 26.7939
3802 43.9324
3803 90.5532
3804 15.3689
3805 109.48
3806 116.937
3807 68.8422
3808 40.3544
3809 89.3323
3810 102.794
3811 35.7914
3812 75.4051
3813 115.305
3814 98.2118
3815 77.4917
3816 53.4083
3817 67.6682
3818 83.5498
3819 69.3521
3820 89.3755
3821 51.8664
3822 85.4642
3823 20.0994
3824 116.758
3825 104.92
3826 126.454
3827 83.8338
3828 98.2721
3829 26.3148
3830 100.219
3831 92.6414
3832 61.4779
3833 40.7965
3834 123.029
3835 93.2604
3836 109.947
3837 22.6941
3838 56.31
3839 25.9575
3840 16.173
3841 52.7678
3842 126.261
3843 107.087
3844 81.3421
3845 39.958
3846 43.7517
3847 78.0819
3848 114.266
3849 132.293
3850 49.8272
3851 127.336
3852 74.9998
3853 93.0711
3854 69.522
3855 76.0596
3856 46.2371
3857 115.369
3858 35.6605
3859 122.765
3860 96.1005
3861 66.8033
3862 87.7083
3863 37.1219
3864 94.5143
3865 108.26
3866 127.131
3867 17.7411
3868 39.5058
3869 64.2766
3870 73.2805
3871 82.6859
3872 128.577
3873 81.2777
3874 15.2065
3875 63.4799
3876 61.9028
3877 129.635
3878 111.141
3879 125.306
3880 84.1601
3881 108.866
3882 38.3294
3883 81.6925
3884 112.643
3885 59.0777
3886 12.9307
3887 76.9629
3888 34.8605
3889 107.887
3890 36.7926
3891 78.4198
3892 109.629
3893 102.677
3894 21.1665
3895 124.152
3896 89.7585
3897 98.741
3898 129.717
3899 20.885
3900 113.744
3901 66.9383
3902 32.6283
3903 80.4289
3904 81.1089
3905 80.4207
3906 25.9692
3907 103.306
3908 81.3572
3909 114.472
3910 67.3806
3911 74.6438
3912 17.7493
3913 73.851
3914 121.634
3915 113.742
3916 54.5274
3917 47.5917
3918 114.393
3919 68.1923
3920 36.8474
3921 76.8252
3922 40.4372
3923 80.0692
3924 52.1992
3925 59.0011
3926 74.3412
3927 34.7046
3928 23.871
3929 83.9313
3930 97.8837
3931 80.4724
3932 74.785
3933 18.0347
3934 47.7421
3935 102.085
3936 103.556
3937 21.7835
3938 73.7307
3939 93.0605
3940 92.7799
3941 48.3809
3942 85.4426
3943 91.4327
3944 120.875
3945 111.644
3946 73.1851
3947 43.1069
3948 65.0716
3949 52.7558
3950 34.2318
3951 25.1254
3952 105.72
3953 36.5372
3954 59.0212
3955 74.5703
3956 68.6942
3957 79.1504
3958 43.9957
3959 122.753
3960 97.2506
3961 108.256
3962 71.487
3963 64.9528
3964 49.632
3965 52.1306
3966 81.1829
3967 114.81
3968 83.5268
3969 24.6982
3970 46.5588
3971 74.5987
3972 90.4905
3973 42.5388
3974 113.184
3975 79.9507
3976 62.9253
3977 55.3877
3978 33.3517
3979 125.159
3980 76.7522
3981 76.6134
3982 72.4578
3983 83.6217
3984 77.2887
3985 71.3588
3986 53.1121
3987 70.6943
3988 115.935
3989 64.3003
3990 58.0388
3991 126.529
3992 107.539
3993 28.9074
3994 111.402
3995 73.217
3996 26.4204
3997 120.471
3998 24.7292
3999 16.8678
4000 68.6825
4001 26.9107
4002 70.9763
4003 107.178
4004 32.3384
4005 46.7731
4006 57.8099
4007 77.9011
4008 121.005
4009 42.324
4010 115.795
4011 56.8288
4012 120.2
4013 115.556
4014 20.6576
4015 98.1984
4016 88.8845
4017 23.244
4018 91.5263
4019 47.1649
4020 107.625
4021 28.5253
4022 32.8195
4023 88.1872
4024 60.9651
4025 22.0537
4026 32.0606
4027 77.5395
4028 110.697
4029 32.7752
4030 83.4015
4031 121.266
4032 41.336
4033 118.212
4034 72.2635
4035 90.6113
4036 76.8967
4037 124.05
4038 65.6586
4039 114.3
4040 40.9362
4041 119.439
4042 113.636
4043 97.0779
4044 18.4125
4045 75.575
4046 100.355
4047 69.8001
4048 120.573
4049 76.9951
4050 71.5477
4051 79.7561
4052 33.6204
4053 40.9821
4054 59.103
4055 31.2508
4056 43.6379
4057 19.7589
4058 117.657
4059 120.235
4060 123.986
4061 87.8302
4062 86.4647
4063 67.7004
4064 72.3118
4065 53.0718
4066 76.8127
4067 21.7054
4068 51.8764
4069 124.462
4070 66.8698
4071 72.0933
4072 120.459
4073 73.0995
4074 58.8836
4075 69.443
4076 61.3055
4077 98.2182
4078 63.8954
4079 38.6462
4080 30.4511
4081 58.1406
4082 71.0833
4083 68.7168
4084 28.1541
4085 80.5859
4086 116.964
4087 52.9243
4088 78.4598
4089 73.8746
4090 28.685
4091 124.782
4092 76.2167
4093 80.9404
4094 113.226
4095 63.0997
4096 73.4586
4097 83.1946
4098 117.368
4099 65.3505
4100 26.3273
4101 42.2577
4102 67.58
4103 48.4172
4104 72.9001
4105 35.4256
4106 65.6252
4107 44.413
4108 76.7026
4109 21.4
4110 73.1473
4111 119.138
4112 58.2119
4113 110.631
4114 54.8047
4115 85.0116
4116 25.8242
4117 92.7718
4118 27.8017
4119 26.7189
4120 67.1098
4121 32.3123
4122 71.4218
4123 71.5274
4124 23.5868
4125 32.2076
4126 53.4162
4127 48.9641
4128 30.5191
4129 38.5864
4130 74.4242
4131 76.8676
4132 47.5821
4133 60.0054
4134 36.021
4135 73.0258
4136 32.0445
4137 98.9022
4138 76.5517
4139 48.1781
4140 125.219
4141 71.3291
4142 29.1757
4143 90.455
4144 72.7479
4145 76.2774
4146 72.129
4147 30.7177
4148 74.74
4149 68.7069
4150 115.148
4151 52.7716
4152 36.0955
4153 23.1226
4154 64.7158
4155 64.4477
4156 61.015
4157 48.6735
4158 96.0742
4159 78.9759
4160 25.708
4161 29.8263
4162 81.9018
4163 79.3307
4164 70.0329
4165 56.7193
4166 70.8537
4167 29.997
4168 76.3104
4169 92.127
4170 58.0915
4171 65.2943
4172 57.9634
4173 57.1002
4174 65.1959
4175 87.9499
4176 58.0615
4177 56.8259
4178 55.2818
4179 55.3573
4180 56.5027
4181 57.9399
4182 58.6741
4183 4.75234
4184 4.35059
4185 2.88635
4186 1.32983
4187 2.76279
4188 4.29034
4189 4.78782
4190 55.5636
4191 56.9122
4192 57.4374
4193 56.9052
4194 55.2551
4195 54.3013
4196 54.3134
4197 54.6536
4198 55.6983
4199 55.8514
4200 54.7574
4201 53.2419
4202 52.399
4203 53.3255
4204 50.2113
4205 49.9539
4206 50.6275
4207 52.1934
4208 53.4432
4209 52.5432
4210 51.0063
4211 50.7925
4212 52.3349
4213 53.8339
4214 53.7427
4215 52.4459
4216 50.8155
4217 97.5978
4218 98.1537
4219 99.6927
4220 100.854
4221 100.464
4222 98.9868
4223 97.5839
4224 97.467
4225 96.9657
4226 97.7999
4227 99.3752
4228 100.457
4229 100.108
4230 98.7942
4231 96.5058
4232 97.4872
4233 97.5551
4234 96.3785
4235 94.7952
4236 94.2514
4237 95.1437
4238 94.1016
4239 93.5416
4240 94.2827
4241 95.712
4242 97.0466
4243 96.8474
4244 95.3929
4245 143.528
4246 144.375
4247 144.257
4248 143.053
4249 141.499
4250 141.055
4251 142.197
4252 90.9357
4253 91.832
4254 93.3957
4255 94.4217
4256 94.0015
4257 92.5344
4258 91.0537
4259 56.9351
4260 3.07083
4261 55.6976
4262 51.6632
4263 54.1371
4264 52.4715
4265 95.9726
4266 99.2201
4267 98.7048
4268 95.2976
4269 142.746
4270 92.7825
4271 76.1864
4272 76.776
4273 84.9959
4274 69.2709
4275 69.26
4276 85.7413
4277 84.4733
4278 70.1215
4279 78.7158
4280 75.2418
4281 82.3275
4282 93.155
4283 62.2385
4284 63.6708
4285 94.9266
4286 67.4953
4287 73.0343
4288 63.9381
4289 71.5558
4290 85.389
4291 90.8254
4292 64.3965
4293 59.7311
4294 60.6453
4295 91.9495
4296 100.649
4297 89.2676
4298 98.2921
4299 76.4867
4300 64.586
4301 84.5792
4302 58.7643
4303 80.5339
4304 64.7264
4305 98.8449
4306 56.8507
4307 58.8875
4308 57.7964
4309 60.3416
4310 102.338
4311 88.218
4312 70.2437
4313 71.3045
4314 53.6304
4315 89.2818
4316 58.0274
4317 87.3072
4318 108.358
4319 78.9459
4320 57.36
4321 94.2896
4322 103.515
4323 56.8151
4324 85.3213
4325 56.6
4326 61.9998
4327 55.4657
4328 99.3424
4329 92.8182
4330 106.364
4331 83.3121
4332 60.2847
4333 109.228
4334 93.2289
4335 55.2928
4336 54.6844
4337 55.7833
4338 97.451
4339 96.0268
4340 49.9069
4341 76.4349
4342 83.4287
4343 55.095
4344 92.7467
4345 53.5839
4346 76.0506
4347 53.0696
4348 87.8714
4349 66.3787
4350 51.4832
4351 48.4316
4352 49.0145
4353 80.7092
4354 53.6986
4355 95.8697
4356 54.2459
4357 89.9679
4358 102.17
4359 99.9131
4360 53.1389
4361 96.0284
4362 98.1165
4363 98.252
4364 108.676
4365 53.3697
4366 56.1658
4367 73.8534
4368 116.316
4369 54.2516
4370 90.7723
4371 69.1599
4372 103.033
4373 53.7102
4374 63.0354
4375 51.17
4376 97.1461
4377 92.6034
4378 95.7499
4379 93.3283
4380 46.8424
4381 114.048
4382 94.3059
4383 49.8078
4384 55.6541
4385 85.7379
4386 98.7543
4387 105.671
4388 79.7579
4389 43.2453
4390 84.3078
4391 101.436
4392 68.4364
4393 48.1122
4394 90.4606
4395 51.2351
4396 88.4559
4397 116.931
4398 98.6243
4399 95.4503
4400 69.4232
4401 105.891
4402 75.8414
4403 53.627
4404 112.336
4405 57.5086
4406 93.465
4407 52.3909
4408 99.9115
4409 50.7996
4410 85.1754
4411 42.8647
4412 100.884
4413 126.56
4414 109.302
4415 47.5598
4416 92.4213
4417 114.168
4418 48.31
4419 46.7636
4420 43.2041
4421 120.978
4422 43.8277
4423 89.5171
4424 124.402
4425 92.3967
4426 41.4172
4427 103.239
4428 58.7325
4429 63.34
4430 106.423
4431 89.5424
4432 96.1317
4433 51.8879
4434 76.3793
4435 44.366
4436 110.921
4437 96.6809
4438 40.1493
4439 62.3811
4440 86.9304
4441 94.0912
4442 92.0929
4443 74.54
4444 88.969
4445 119.761
4446 60.2948
4447 97.6364
4448 84.6803
4449 51.7832
4450 44.4058
4451 47.2979
4452 55.2864
4453 100.961
4454 48.7842
4455 101.968
4456 37.2362
4457 111.441
4458 92.4512
4459 95.8059
4460 51.469
4461 48.6908
4462 91.1058
4463 55.4035
4464 37.4181
4465 31.7871
4466 40.5231
4467 36.5669
4468 55.4007
4469 37.7467
4470 47.2086
4471 96.1607
4472 46.2639
4473 40.8149
4474 63.1228
4475 93.0747
4476 52.2556
4477 67.3453
4478 98.1791
4479 36.8723
4480 118.455
4481 67.4999
4482 105.749
4483 128.029
4484 97.9432
4485 99.703
4486 60.5523
4487 35.6008
4488 135.873
4489 103.784
4490 128.057
4491 134.614
4492 103.727
4493 28.7378
4494 93.998
4495 84.2368
4496 114.392
4497 42.1337
4498 57.8355
4499 113.777
4500 34.8184
4501 60.4331
4502 132.332
4503 100.634
4504 134.698
4505 55.8504
4506 99.5097
4507 96.1473
4508 83.0693
4509 41.1683
4510 101.029
4511 65.0111
4512 69.6707
4513 101.272
4514 118.792
4515 105.756
4516 65.5922
4517 120.714
4518 99.1147
4519 50.5749
4520 97.3577
4521 102.255
4522 53.4221
4523 58.2146
4524 45.1643
4525 108.355
4526 98.4098
4527 31.439
4528 97.2776
4529 76.2426
4530 30.6203
4531 94.5342
4532 103.986
4533 93.0173
4534 35.0325
4535 126.068
4536 141.297
4537 28.9118
4538 126.031
4539 45.9272
4540 59.4082
4541 98.8519
4542 62.454
4543 107.867
4544 140.87
4545 30.2497
4546 50.2542
4547 99.9115
4548 102.99
4549 60.7757
4550 95.5342
4551 93.909
4552 28.9185
4553 47.5125
4554 16.6805
4555 73.3712
4556 137.871
4557 49.5616
4558 40.4332
4559 17.5309
4560 108.278
4561 56.636
4562 139.463
4563 64.3431
4564 99.7452
4565 107.131
4566 42.3553
4567 87.5868
4568 42.1938
4569 54.3123
4570 53.1998
4571 52.2942
4572 68.8638
4573 39.4588
4574 135.249
4575 77.9001
4576 51.3077
4577 55.7301
4578 22.804
4579 100.752
4580 26.2156
4581 50.0809
4582 24.702
4583 36.1897
4584 96.7114
4585 114.844
4586 28.6898
4587 54.4444
4588 129.803
4589 132.231
4590 56.6023
4591 56.0783
4592 52.1666
4593 34.1522
4594 85.6533
4595 102.877
4596 112.679
4597 24.7003
4598 109.871
4599 144.264
4600 102.196
4601 59.9986
4602 102.819
4603 58.219
4604 143.668
4605 22.3031
4606 69.5374
4607 15.5582
4608 49.4575
4609 63.1281
4610 145.509
4611 98.5882
4612 116.655
4613 77.5777
4614 63.9338
4615 53.1211
4616 46.7663
4617 132.248
4618 141.247
4619 144.349
4620 102.644
4621 103.642
4622 141.682
4623 46.5119
4624 60.2458
4625 95.753
4626 50.2828
4627 29.3606
4628 47.0259
4629 53.2354
4630 24.8721
4631 50.7833
4632 71.7163
4633 39.6631
4634 57.7773
4635 69.3863
4636 52.7244
4637 40.0389
4638 60.0484
4639 136.516
4640 81.0187
4641 135.287
4642 54.704
4643 54.4144
4644 33.748
4645 50.771
4646 15.8903
4647 16.9494
4648 10.4828
4649 22.5988
4650 94.8426
4651 56.4175
4652 11.5837
4653 46.9417
4654 126.746
4655 44.2122
4656 20.8391
4657 84.4806
4658 50.8908
4659 143.128
4660 120.269
4661 137.054
4662 123.286
4663 135.201
4664 88.8081
4665 9.6123
4666 47.143
4667 51.8773
4668 144.154
4669 95.3818
4670 141.044
4671 55.6627
4672 16.1346
4673 56.6184
4674 6.98803
4675 37.1675
4676 59.2863
4677 32.2148
4678 105.983
4679 145.238
4680 138.807
4681 9.44518
4682 130.79
4683 126.259
4684 86.2714
4685 139.523
4686 8.50845
4687 76.0125
4688 56.9035
4689 67.9164
4690 48.6226
4691 42.0529
4692 92.9559
4693 62.044
4694 130.899
4695 138.582
4696 34.0453
4697 52.5132
4698 141.988
4699 50.7086
4700 24.419
4701 5.09816
4702 48.7918
4703 52.6111
4704 90.7995
4705 55.334
4706 141.441
4707 39.8139
4708 58.0379
4709 124.248
4710 114.741
4711 110.864
4712 81.3497
4713 101.389
4714 5.23745
4715 95.308
4716 46.7417
4717 143.358
4718 140.287
4719 118.11
4720 49.6809
4721 95.3711
4722 67.5489
4723 43.9125
4724 55.2668
4725 141.483
4726 135.915
4727 5.38131
4728 29.1481
4729 51.9471
4730 99.2286
4731 46.6461
4732 98.473
4733 100.686
4734 48.7012
4735 4.55726
4736 17.8055
4737 46.1219
4738 106.478
4739 79.5438
4740 121.511
4741 53.5895
4742 1.9311
4743 49.8133
4744 129.826
4745 125.253
4746 102.871
4747 44.1064
4748 43.3456
4749 55.5562
4750 83.866
4751 109.007
4752 49.4427
4753 106.345
4754 40.1109
4755 43.9992
4756 73.0973
4757 47.3875
4758 64.4209
4759 93.1828
4760 109.413
4761 136.82
4762 101.295
4763 7.64719
4764 19.674
4765 75.6673
4766 90.4126
4767 54.553
4768 72.425
4769 3.68678
4770 112.341
4771 121.601
4772 87.0326
4773 48.7388
4774 30.0133
4775 12.0818
4776 86.038
4777 91.1608
4778 97.9744
4779 13.1814
4780 8.80025
4781 39.3993
4782 90.8812
4783 138.87
4784 131.413
4785 101.115
4786 46.8884
4787 115.839
4788 104.731
4789 131.903
4790 37.7918
4791 30.7655
4792 102.42
4793 94.9688
4794 108.051
4795 84.4761
4796 41.5182
4797 136.885
4798 6.44604
4799 23.7513
4800 15.4129
4801 5.26545
4802 51.5098
4803 104.209
4804 92.5941
4805 11.1205
4806 13.8689
4807 2.44984
4808 48.8741
4809 8.08361
4810 43.6585
4811 97.8782
4812 79.2441
4813 134.984
4814 112.438
4815 84.2819
4816 106.086
4817 90.8096
4818 20.533
4819 75.7164
4820 59.2365
4821 106.021
4822 113.485
4823 102.852
4824 101.691
4825 118.394
4826 10.8858
4827 97.9796
4828 36.4655
4829 60.689
4830 26.3649
4831 109.65
4832 69.2144
4833 46.9097
4834 89.0593
4835 11.2266
4836 87.6657
4837 122.874
4838 89.8667
4839 104.563
4840 46.2655
4841 47.2959
4842 51.8905
4843 106.067
4844 3.4378
4845 42.0623
4846 65.5308
4847 81.5939
4848 89.917
4849 79.0056
4850 93.8839
4851 110.104
4852 94.0588
4853 39.1769
4854 93.8351
4855 100.657
4856 16.7381
4857 7.30018
4858 46.5496
4859 103.268
4860 89.8199
4861 14.5311
4862 38.8597
4863 46.6315
4864 7.42225
4865 5.06349
4866 35.8527
4867 101.08
4868 75.2866
4869 109.073
4870 97.5319
4871 57.2554
4872 47.4913
4873 43.7316
4874 100.676
4875 100.109
4876 94.0966
4877 99.1109
4878 99.5988
4879 58.0356
4880 96.4443
4881 95.6366
4882 9.45512
4883 96.3547
4884 96.6599
4885 88.7796
4886 91.7274
4887 98.7538
4888 98.3012
4889 11.171
4890 95.8078
4891 85.813
4892 50.0344
4893 56.6738
4894 83.0318
4895 97.3518
4896 50.7493
4897 106.071
4898 100.37
4899 54.8883
4900 42.7813
4901 69.8696
4902 46.4542
4903 94.9655
4904 85.6426
4905 90.3598
4906 62.8805
4907 5.72964
4908 94.8882
4909 7.77883
4910 93.8125
4911 86.9346
4912 91.2321
4913 103.21
4914 98.3413
4915 93.4883
4916 66.3515
4917 8.91636
4918 51.8003
4919 50.3127
4920 95.6858
4921 74.9594
4922 98.7089
4923 98.5832
4924 91.4498
4925 47.7297
4926 46.131
4927 53.9369
4928 103.202
4929 54.9829
4930 96.0727
4931 91.2655
4932 51.1281
4933 93.065
4934 78.209
4935 49.2459
4936 50.4729
4937 55.2043
4938 49.0427
4939 90.0568
4940 46.2661
4941 49.2811
4942 47.6862
4943 104.743
4944 102.779
4945 58.6083
4946 64.3812
4947 52.3832
4948 99.4583
4949 90.4196
4950 49.7474
4951 52.6781
4952 87.098
4953 60.5916
4954 96.3792
4955 58.4313
4956 96.9316
4957 90.2071
4958 101.154
4959 97.4741
4960 94.5971
4961 52.9754
4962 93.3641
4963 51.1537
4964 63.1701
4965 56.6909
4966 54.9664
4967 48.7457
4968 44.8201
4969 51.7277
4970 100.832
4971 52.246
4972 71.6488
4973 49.8564
4974 51.632
4975 53.1355
4976 82.974
4977 52.424
4978 51.1872
4979 67.8653
4980 92.4927
4981 99.564
4982 50.8994
4983 94.9821
4984 53.7269
4985 53.176
4986 56.0069
4987 89.5933
4988 98.5859
4989 85.1359
4990 93.2587
4991 52.9569
4992 93.4181
4993 57.6604
4994 80.0311
4995 50.7399
4996 58.3412
4997 60.9297
4998 54.8651
4999 54.6015
5000 56.1757
5001 51.1303
5002 53.3907
5003 80.6342
5004 56.1305
5005 66.7625
5006 54.6227
5007 88.1573
5008 54.9408
5009 53.7791
5010 53.8325
5011 62.6645
5012 97.2745
5013 58.344
5014 98.6576
5015 89.7851
5016 73.7079
5017 62.1513
5018 57.1086
5019 86.0292
5020 66.0455
5021 94.3867
5022 61.6506
5023 72.8923
5024 61.3304
5025 58.9943
5026 93.81
5027 55.5577
5028 54.5836
5029 82.7857
5030 74.8688
5031 95.1747
5032 47.7128
5033 67.8965
5034 59.7782
5035 95.7831
5036 63.9102
5037 59.7133
5038 57.1518
5039 69.9763
5040 81.6029
5041 91.4019
5042 82.8399
5043 57.5266
5044 71.0526
5045 73.5069
5046 54.2554
5047 60.4308
5048 61.3742
5049 66.5792
5050 77.224
5051 92.9755
5052 57.9474
5053 66.4679
5054 65.4718
5055 56.56
5056 86.7963
5057 57.1768
5058 94.6679
5059 55.6773
5060 59.5001
5061 58.5266
5062 93.3699
5063 89.9244
5064 97.1955
5065 96.1395
5066 62.5896
5067 81.7376
5068 64.8354
5069 75.9872
5070 58.188
5071 88.1148
5072 59.7922
5073 73.1536
5074 93.7397
5075 98.1349
5076 91.0789
5077 92.5667
5078 90.7137
5079 86.5382
END